N <-
100
x <-
c(2.30482680024579, 7.50734967878088, 8.33961461670697, 5.03868267638609, 
0.332136813085526, 6.79846345214173, 5.81212618155405, 7.92736924253404, 
8.46712080063298, 3.90335752163082, 4.67319134855643, 5.77067753532901, 
1.58849124331027, 3.37750197621062, 1.45668877987191, 6.2318601179868, 
3.33601754857227, 1.60788622219115, 5.18274103524163, 6.8769788951613, 
5.68147618090734, 9.3070578831248, 8.7616037693806, 9.93077822728083, 
4.09049460897222, 3.31395064247772, 3.30187566112727, 6.84972041752189, 
8.29295862698928, 2.76310845511034, 4.65171488700435, 6.99775210116059, 
6.40259438194335, 7.42010349640623, 1.23093445319682, 8.73416203306988, 
9.74418958416209, 4.15289751254022, 9.25152443815023, 9.13108839187771, 
7.03526781639084, 7.96249366365373, 7.67824961571023, 4.24194136634469, 
6.24980270629749, 1.12821129849181, 5.39044830715284, 3.58790793223307, 
1.84277722146362, 2.51481240615249, 6.06428460683674, 3.80561982281506, 
0.776839733589441, 2.23444029456005, 7.96763985184953, 0.777804411482066, 
6.76831716904417, 6.41690210206434, 5.49792589386925, 5.99151308881119, 
0.775486219208688, 2.13405427290127, 4.13490578299388, 9.97961262241006, 
4.6997621608898, 3.72909595957026, 6.9481204636395, 9.54254639567807, 
8.45700195757672, 8.24429331114516, 6.21188602875918, 2.31540181906894, 
0.427781227044761, 5.58205343782902, 6.15701500792056, 2.04382637050003, 
2.08723804680631, 1.91733988700435, 7.50943512655795, 9.33014609152451, 
9.36469531385228, 8.08905055280775, 9.75864285137504, 5.68130794679746, 
4.69792594434693, 2.87056564586237, 3.65921564865857, 1.05929502286017, 
7.75413896422833, 5.81011849921197, 8.76743800239637, 6.29469167906791, 
3.76409557648003, 5.44679789571092, 7.93194233207032, 3.93962238216773, 
9.4740294595249, 9.05333905015141, 9.43853326607496, 9.03232984011993
)
y <-
c(3.36086686094403, 18.5968472183611, 26.1759971395688, 21.2752755882466, 
-3.03727956091093, 22.104099415406, 12.345304020309, 25.7328400624787, 
36.3330525098239, 19.787647999677, 16.7276612842565, 24.3332601025757, 
14.5159133818563, 19.3335338186605, 6.79123610402845, 20.2640483533827, 
5.69664303990978, 1.85821466702677, 16.0986406652148, 15.0859184849031, 
19.7820343345095, 21.5844941150051, 30.5497953670697, 30.763003884077, 
18.8425858276418, 16.8378506085831, 8.87912306664798, 20.1221196936834, 
17.350250921371, 21.0475940536164, 13.7960915476034, 19.6596121555707, 
11.7721849271962, 25.1496515054929, 4.29894217148936, 22.6629020925187, 
37.0681196323048, 14.4442615412855, 26.9582442487094, 23.9230715812315, 
25.1721209675773, 19.7714103836582, 26.1234256289118, 12.628897646605, 
23.376688572042, 7.84916557313435, 16.3299011571798, 8.11691463957131, 
8.41017871534393, 12.9127650724821, 16.4991435975532, 14.7727554866671, 
6.31294030476875, 2.67932628601302, 23.0009043569997, 1.09813315722178, 
21.782321589796, 16.4689053528117, 13.0603835893128, 20.6648634776715, 
7.64128787485982, 6.00005927895453, 12.4671468079288, 27.4606248632363, 
20.3764023398295, 19.6127627465711, 19.0749703184057, 35.8634998405977, 
30.1303301134012, 29.8977054393667, 25.7615172711544, 6.71605611929815, 
9.44069358977415, 28.4325701852265, 13.2026843682408, 12.2157169219942, 
3.44750159704682, 7.24042359758297, 22.5423008934742, 27.878117271694, 
42.1668376933145, 19.1359143561055, 31.5104045343313, 19.1048995402905, 
9.36312182865025, 10.6382652610698, 19.1583063177673, -9.43701158968249, 
28.9666164644115, 21.3517645511467, 28.4662805107315, 19.9176873718066, 
11.2704194820242, 20.8155793525527, 20.3841347522737, 21.2372205883365, 
36.4007688189257, 23.5540752313063, 29.6963113856891, 34.4573462353193
)
